'Nozzle'
180  60
0.00000 0.00000 0.00000 3.00000
0.05587 0.00000 0.05587 3.00000
0.11173 0.00000 0.11173 3.00000
0.16760 0.00000 0.16760 3.00000
0.22346 0.00000 0.22346 3.00000
0.27933 0.00000 0.27933 3.00000
0.33520 0.00000 0.33520 3.00000
0.39106 0.00000 0.39106 3.00000
0.44693 0.00000 0.44693 3.00000
0.50279 0.00000 0.50279 3.00000
0.55866 0.00000 0.55866 3.00000
0.61453 0.00000 0.61453 3.00000
0.67039 0.00000 0.67039 3.00000
0.72626 0.00000 0.72626 3.00000
0.78212 0.00000 0.78212 3.00000
0.83799 0.00000 0.83799 3.00000
0.89385 0.00000 0.89385 3.00000
0.94972 0.00000 0.94972 3.00000
1.00559 0.00000 1.00559 3.00000
1.06145 0.00000 1.06145 3.00000
1.11732 0.00000 1.11732 3.00000
1.17318 0.00000 1.17318 3.00000
1.22905 0.00000 1.22905 3.00000
1.28492 0.00000 1.28492 3.00000
1.34078 0.00000 1.34078 3.00000
1.39665 0.00000 1.39665 3.00000
1.45251 0.00000 1.45251 3.00000
1.50838 0.00000 1.50838 3.00000
1.56425 0.00000 1.56425 3.00000
1.62011 0.00000 1.62011 3.00000
1.67598 0.00000 1.67598 3.00000
1.73184 0.00000 1.73184 3.00000
1.78771 0.00000 1.78771 3.00000
1.84358 0.00000 1.84358 3.00000
1.89944 0.00000 1.89944 3.00000
1.95531 0.00000 1.95531 3.00000
2.01117 0.00000 2.01117 3.00000
2.06704 0.00000 2.06704 3.00000
2.12291 0.00000 2.12291 3.00000
2.17877 0.00000 2.17877 3.00000
2.23464 0.00000 2.23464 3.00000
2.29050 0.00000 2.29050 3.00000
2.34637 0.00000 2.34637 3.00000
2.40223 0.00000 2.40223 3.00000
2.45810 0.00000 2.45810 3.00000
2.51397 0.00000 2.51397 3.00000
2.56983 0.00000 2.56983 3.00000
2.62570 0.00000 2.62570 3.00000
2.68156 0.00000 2.68156 3.00000
2.73743 0.00000 2.73743 3.00000
2.79330 0.00000 2.79330 3.00000
2.84916 0.00000 2.84916 3.00000
2.90503 0.00002 2.90503 3.00000
2.96089 0.00022 2.96089 3.00000
3.01676 0.00056 3.01676 3.00000
3.07263 0.00128 3.07263 3.00000
3.12849 0.00496 3.12849 3.00000
3.18436 0.01077 3.18436 3.00000
3.24022 0.01726 3.24022 3.00000
3.29609 0.02626 3.29609 3.00000
3.35196 0.03737 3.35196 3.00000
3.40782 0.04940 3.40782 3.00000
3.46369 0.06328 3.46369 3.00000
3.51955 0.07883 3.51955 3.00000
3.57542 0.09526 3.57542 3.00000
3.63128 0.11308 3.63128 3.00000
3.68715 0.13210 3.68715 3.00000
3.74302 0.15175 3.74302 3.00000
3.79888 0.17228 3.79888 3.00000
3.85475 0.19352 3.85475 3.00000
3.91061 0.21496 3.91061 3.00000
3.96648 0.23680 3.96648 3.00000
4.02235 0.25884 4.02235 3.00000
4.07821 0.28059 4.07821 3.00000
4.13408 0.30222 4.13408 3.00000
4.18994 0.32356 4.18994 3.00000
4.24581 0.34411 4.24581 3.00000
4.30168 0.36407 4.30168 3.00000
4.35754 0.38326 4.35754 3.00000
4.41341 0.40113 4.41341 3.00000
4.46927 0.41803 4.46927 3.00000
4.52514 0.43382 4.52514 3.00000
4.58101 0.44774 4.58101 3.00000
4.63687 0.46040 4.63687 3.00000
4.69274 0.47178 4.69274 3.00000
4.74860 0.48071 4.74860 3.00000
4.80447 0.48800 4.80447 3.00000
4.86034 0.49410 4.86034 3.00000
4.91620 0.49783 4.91620 3.00000
4.97207 0.49929 4.97207 3.00000
5.02793 0.49929 5.02793 3.00000
5.08380 0.49783 5.08380 3.00000
5.13966 0.49410 5.13966 3.00000
5.19553 0.48800 5.19553 3.00000
5.25140 0.48071 5.25140 3.00000
5.30726 0.47178 5.30726 3.00000
5.36313 0.46040 5.36313 3.00000
5.41899 0.44774 5.41899 3.00000
5.47486 0.43382 5.47486 3.00000
5.53073 0.41803 5.53073 3.00000
5.58659 0.40113 5.58659 3.00000
5.64246 0.38326 5.64246 3.00000
5.69832 0.36407 5.69832 3.00000
5.75419 0.34411 5.75419 3.00000
5.81006 0.32356 5.81006 3.00000
5.86592 0.30222 5.86592 3.00000
5.92179 0.28059 5.92179 3.00000
5.97765 0.25884 5.97765 3.00000
6.03352 0.23680 6.03352 3.00000
6.08939 0.21497 6.08939 3.00000
6.14525 0.19352 6.14525 3.00000
6.20112 0.17228 6.20112 3.00000
6.25698 0.15175 6.25698 3.00000
6.31285 0.13210 6.31285 3.00000
6.36872 0.11308 6.36872 3.00000
6.42458 0.09526 6.42458 3.00000
6.48045 0.07883 6.48045 3.00000
6.53631 0.06328 6.53631 3.00000
6.59218 0.04940 6.59218 3.00000
6.64804 0.03737 6.64804 3.00000
6.70391 0.02626 6.70391 3.00000
6.75978 0.01726 6.75978 3.00000
6.81564 0.01077 6.81564 3.00000
6.87151 0.00496 6.87151 3.00000
6.92737 0.00128 6.92737 3.00000
6.98324 0.00056 6.98324 3.00000
7.03911 0.00022 7.03911 3.00000
7.09497 0.00002 7.09497 3.00000
7.15084 0.00000 7.15084 3.00000
7.20670 0.00000 7.20670 3.00000
7.26257 0.00000 7.26257 3.00000
7.31844 0.00000 7.31844 3.00000
7.37430 0.00000 7.37430 3.00000
7.43017 0.00000 7.43017 3.00000
7.48603 0.00000 7.48603 3.00000
7.54190 0.00000 7.54190 3.00000
7.59777 0.00000 7.59777 3.00000
7.65363 0.00000 7.65363 3.00000
7.70950 0.00000 7.70950 3.00000
7.76536 0.00000 7.76536 3.00000
7.82123 0.00000 7.82123 3.00000
7.87709 0.00000 7.87709 3.00000
7.93296 0.00000 7.93296 3.00000
7.98883 0.00000 7.98883 3.00000
8.04469 0.00000 8.04469 3.00000
8.10056 0.00000 8.10056 3.00000
8.15642 0.00000 8.15642 3.00000
8.21229 0.00000 8.21229 3.00000
8.26816 0.00000 8.26816 3.00000
8.32402 0.00000 8.32402 3.00000
8.37989 0.00000 8.37989 3.00000
8.43575 0.00000 8.43575 3.00000
8.49162 0.00000 8.49162 3.00000
8.54749 0.00000 8.54749 3.00000
8.60335 0.00000 8.60335 3.00000
8.65922 0.00000 8.65922 3.00000
8.71508 0.00000 8.71508 3.00000
8.77095 0.00000 8.77095 3.00000
8.82682 0.00000 8.82682 3.00000
8.88268 0.00000 8.88268 3.00000
8.93855 0.00000 8.93855 3.00000
8.99441 0.00000 8.99441 3.00000
9.05028 0.00000 9.05028 3.00000
9.10615 0.00000 9.10615 3.00000
9.16201 0.00000 9.16201 3.00000
9.21788 0.00000 9.21788 3.00000
9.27374 0.00000 9.27374 3.00000
9.32961 0.00000 9.32961 3.00000
9.38547 0.00000 9.38547 3.00000
9.44134 0.00000 9.44134 3.00000
9.49721 0.00000 9.49721 3.00000
9.55307 0.00000 9.55307 3.00000
9.60894 0.00000 9.60894 3.00000
9.66480 0.00000 9.66480 3.00000
9.72067 0.00000 9.72067 3.00000
9.77654 0.00000 9.77654 3.00000
9.83240 0.00000 9.83240 3.00000
9.88827 0.00000 9.88827 3.00000
9.94413 0.00000 9.94413 3.00000
10.00000 0.00000 10.00000 3.00000
