'Nozzle'
    120    40
   0.00000 0.00000 0.00000 3.00000
   0.08403 0.00000 0.08403 3.00000
   0.16807 0.00000 0.16807 3.00000
   0.25210 0.00000 0.25210 3.00000
   0.33613 0.00000 0.33613 3.00000
   0.42017 0.00000 0.42017 3.00000
   0.50420 0.00000 0.50420 3.00000
   0.58824 0.00000 0.58824 3.00000
   0.67227 0.00000 0.67227 3.00000
   0.75630 0.00000 0.75630 3.00000
   0.84034 0.00000 0.84034 3.00000
   0.92437 0.00000 0.92437 3.00000
   1.00840 0.00000 1.00840 3.00000
   1.09244 0.00000 1.09244 3.00000
   1.17647 0.00000 1.17647 3.00000
   1.26050 0.00000 1.26050 3.00000
   1.34454 0.00000 1.34454 3.00000
   1.42857 0.00000 1.42857 3.00000
   1.51261 0.00000 1.51261 3.00000
   1.59664 0.00000 1.59664 3.00000
   1.68067 0.00000 1.68067 3.00000
   1.76471 0.00000 1.76471 3.00000
   1.84874 0.00000 1.84874 3.00000
   1.93277 0.00000 1.93277 3.00000
   2.01681 0.00000 2.01681 3.00000
   2.10084 0.00000 2.10084 3.00000
   2.18487 0.00000 2.18487 3.00000
   2.26891 0.00000 2.26891 3.00000
   2.35294 0.00000 2.35294 3.00000
   2.43697 0.00000 2.43697 3.00000
   2.52101 0.00000 2.52101 3.00000
   2.60504 0.00000 2.60504 3.00000
   2.68908 0.00000 2.68908 3.00000
   2.77311 0.00000 2.77311 3.00000
   2.85714 0.00000 2.85714 3.00000
   2.94118 0.00013 2.94118 3.00000
   3.02521 0.00062 3.02521 3.00000
   3.10924 0.00337 3.10924 3.00000
   3.19328 0.01178 3.19328 3.00000
   3.27731 0.02293 3.27731 3.00000
   3.36134 0.03935 3.36134 3.00000
   3.44538 0.05851 3.44538 3.00000
   3.52941 0.08168 3.52941 3.00000
   3.61345 0.10723 3.61345 3.00000
   3.69748 0.13570 3.69748 3.00000
   3.78151 0.16580 3.78151 3.00000
   3.86555 0.19766 3.86555 3.00000
   3.94958 0.23015 3.94958 3.00000
   4.03361 0.26326 4.03361 3.00000
   4.11765 0.29587 4.11765 3.00000
   4.20168 0.32796 4.20168 3.00000
   4.28571 0.35842 4.28571 3.00000
   4.36975 0.38730 4.36975 3.00000
   4.45378 0.41342 4.45378 3.00000
   4.53782 0.43717 4.53782 3.00000
   4.62185 0.45707 4.62185 3.00000
   4.70588 0.47414 4.70588 3.00000
   4.78992 0.48617 4.78992 3.00000
   4.87395 0.49527 4.87395 3.00000
   4.95798 0.49906 4.95798 3.00000
   5.04202 0.49906 5.04202 3.00000
   5.12605 0.49527 5.12605 3.00000
   5.21008 0.48617 5.21008 3.00000
   5.29412 0.47414 5.29412 3.00000
   5.37815 0.45707 5.37815 3.00000
   5.46218 0.43717 5.46218 3.00000
   5.54622 0.41342 5.54622 3.00000
   5.63025 0.38730 5.63025 3.00000
   5.71429 0.35842 5.71429 3.00000
   5.79832 0.32796 5.79832 3.00000
   5.88235 0.29587 5.88235 3.00000
   5.96639 0.26326 5.96639 3.00000
   6.05042 0.23015 6.05042 3.00000
   6.13445 0.19766 6.13445 3.00000
   6.21849 0.16580 6.21849 3.00000
   6.30252 0.13570 6.30252 3.00000
   6.38655 0.10723 6.38655 3.00000
   6.47059 0.08168 6.47059 3.00000
   6.55462 0.05851 6.55462 3.00000
   6.63866 0.03935 6.63866 3.00000
   6.72269 0.02293 6.72269 3.00000
   6.80672 0.01178 6.80672 3.00000
   6.89076 0.00337 6.89076 3.00000
   6.97479 0.00062 6.97479 3.00000
   7.05882 0.00013 7.05882 3.00000
   7.14286 0.00000 7.14286 3.00000
   7.22689 0.00000 7.22689 3.00000
   7.31092 0.00000 7.31092 3.00000
   7.39496 0.00000 7.39496 3.00000
   7.47899 0.00000 7.47899 3.00000
   7.56303 0.00000 7.56303 3.00000
   7.64706 0.00000 7.64706 3.00000
   7.73109 0.00000 7.73109 3.00000
   7.81513 0.00000 7.81513 3.00000
   7.89916 0.00000 7.89916 3.00000
   7.98319 0.00000 7.98319 3.00000
   8.06723 0.00000 8.06723 3.00000
   8.15126 0.00000 8.15126 3.00000
   8.23529 0.00000 8.23529 3.00000
   8.31933 0.00000 8.31933 3.00000
   8.40336 0.00000 8.40336 3.00000
   8.48739 0.00000 8.48739 3.00000
   8.57143 0.00000 8.57143 3.00000
   8.65546 0.00000 8.65546 3.00000
   8.73950 0.00000 8.73950 3.00000
   8.82353 0.00000 8.82353 3.00000
   8.90756 0.00000 8.90756 3.00000
   8.99160 0.00000 8.99160 3.00000
   9.07563 0.00000 9.07563 3.00000
   9.15966 0.00000 9.15966 3.00000
   9.24370 0.00000 9.24370 3.00000
   9.32773 0.00000 9.32773 3.00000
   9.41176 0.00000 9.41176 3.00000
   9.49580 0.00000 9.49580 3.00000
   9.57983 0.00000 9.57983 3.00000
   9.66387 0.00000 9.66387 3.00000
   9.74790 0.00000 9.74790 3.00000
   9.83193 0.00000 9.83193 3.00000
   9.91597 0.00000 9.91597 3.00000
   10.00000 0.00000 10.00000 3.00000