Nozzle
210  70
0.00000 0.00000 0.00000 3.00000
0.04785 0.00000 0.04785 3.00000
0.09569 0.00000 0.09569 3.00000
0.14354 0.00000 0.14354 3.00000
0.19139 0.00000 0.19139 3.00000
0.23923 0.00000 0.23923 3.00000
0.28708 0.00000 0.28708 3.00000
0.33493 0.00000 0.33493 3.00000
0.38278 0.00000 0.38278 3.00000
0.43062 0.00000 0.43062 3.00000
0.47847 0.00000 0.47847 3.00000
0.52632 0.00000 0.52632 3.00000
0.57416 0.00000 0.57416 3.00000
0.62201 0.00000 0.62201 3.00000
0.66986 0.00000 0.66986 3.00000
0.71770 0.00000 0.71770 3.00000
0.76555 0.00000 0.76555 3.00000
0.81340 0.00000 0.81340 3.00000
0.86124 0.00000 0.86124 3.00000
0.90909 0.00000 0.90909 3.00000
0.95694 0.00000 0.95694 3.00000
1.00478 0.00000 1.00478 3.00000
1.05263 0.00000 1.05263 3.00000
1.10048 0.00000 1.10048 3.00000
1.14833 0.00000 1.14833 3.00000
1.19617 0.00000 1.19617 3.00000
1.24402 0.00000 1.24402 3.00000
1.29187 0.00000 1.29187 3.00000
1.33971 0.00000 1.33971 3.00000
1.38756 0.00000 1.38756 3.00000
1.43541 0.00000 1.43541 3.00000
1.48325 0.00000 1.48325 3.00000
1.53110 0.00000 1.53110 3.00000
1.57895 0.00000 1.57895 3.00000
1.62679 0.00000 1.62679 3.00000
1.67464 0.00000 1.67464 3.00000
1.72249 0.00000 1.72249 3.00000
1.77033 0.00000 1.77033 3.00000
1.81818 0.00000 1.81818 3.00000
1.86603 0.00000 1.86603 3.00000
1.91388 0.00000 1.91388 3.00000
1.96172 0.00000 1.96172 3.00000
2.00957 0.00000 2.00957 3.00000
2.05742 0.00000 2.05742 3.00000
2.10526 0.00000 2.10526 3.00000
2.15311 0.00000 2.15311 3.00000
2.20096 0.00000 2.20096 3.00000
2.24880 0.00000 2.24880 3.00000
2.29665 0.00000 2.29665 3.00000
2.34450 0.00000 2.34450 3.00000
2.39234 0.00000 2.39234 3.00000
2.44019 0.00000 2.44019 3.00000
2.48804 0.00000 2.48804 3.00000
2.53589 0.00000 2.53589 3.00000
2.58373 0.00000 2.58373 3.00000
2.63158 0.00000 2.63158 3.00000
2.67943 0.00000 2.67943 3.00000
2.72727 0.00000 2.72727 3.00000
2.77512 0.00000 2.77512 3.00000
2.82297 0.00000 2.82297 3.00000
2.87081 0.00000 2.87081 3.00000
2.91866 0.00005 2.91866 3.00000
2.96651 0.00025 2.96651 3.00000
3.01435 0.00055 3.01435 3.00000
3.06220 0.00097 3.06220 3.00000
3.11005 0.00343 3.11005 3.00000
3.15789 0.00787 3.15789 3.00000
3.20574 0.01319 3.20574 3.00000
3.25359 0.01914 3.25359 3.00000
3.30144 0.02725 3.30144 3.00000
3.34928 0.03681 3.34928 3.00000
3.39713 0.04700 3.39713 3.00000
3.44498 0.05841 3.44498 3.00000
3.49282 0.07124 3.49282 3.00000
3.54067 0.08496 3.54067 3.00000
3.58852 0.09930 3.58852 3.00000
3.63636 0.11477 3.63636 3.00000
3.68421 0.13108 3.68421 3.00000
3.73206 0.14785 3.73206 3.00000
3.77990 0.16520 3.77990 3.00000
3.82775 0.18320 3.82775 3.00000
3.87560 0.20152 3.87560 3.00000
3.92344 0.21993 3.92344 3.00000
3.97129 0.23870 3.97129 3.00000
4.01914 0.25758 4.01914 3.00000
4.06699 0.27626 4.06699 3.00000
4.11483 0.29478 4.11483 3.00000
4.16268 0.31322 4.16268 3.00000
4.21053 0.33125 4.21053 3.00000
4.25837 0.34864 4.25837 3.00000
4.30622 0.36566 4.30622 3.00000
4.35407 0.38210 4.35407 3.00000
4.40191 0.39758 4.40191 3.00000
4.44976 0.41221 4.44976 3.00000
4.49761 0.42622 4.49761 3.00000
4.54545 0.43914 4.54545 3.00000
4.59330 0.45057 4.59330 3.00000
4.64115 0.46133 4.64115 3.00000
4.68900 0.47108 4.68900 3.00000
4.73684 0.47909 4.73684 3.00000
4.78469 0.48549 4.78469 3.00000
4.83254 0.49128 4.83254 3.00000
4.88038 0.49577 4.88038 3.00000
4.92823 0.49827 4.92823 3.00000
4.97608 0.49934 4.97608 3.00000
5.02392 0.49934 5.02392 3.00000
5.07177 0.49827 5.07177 3.00000
5.11962 0.49577 5.11962 3.00000
5.16746 0.49128 5.16746 3.00000
5.21531 0.48549 5.21531 3.00000
5.26316 0.47909 5.26316 3.00000
5.31100 0.47108 5.31100 3.00000
5.35885 0.46133 5.35885 3.00000
5.40670 0.45057 5.40670 3.00000
5.45455 0.43914 5.45455 3.00000
5.50239 0.42622 5.50239 3.00000
5.55024 0.41221 5.55024 3.00000
5.59809 0.39758 5.59809 3.00000
5.64593 0.38210 5.64593 3.00000
5.69378 0.36566 5.69378 3.00000
5.74163 0.34864 5.74163 3.00000
5.78947 0.33125 5.78947 3.00000
5.83732 0.31322 5.83732 3.00000
5.88517 0.29478 5.88517 3.00000
5.93301 0.27626 5.93301 3.00000
5.98086 0.25758 5.98086 3.00000
6.02871 0.23870 6.02871 3.00000
6.07656 0.21994 6.07656 3.00000
6.12440 0.20152 6.12440 3.00000
6.17225 0.18320 6.17225 3.00000
6.22010 0.16520 6.22010 3.00000
6.26794 0.14785 6.26794 3.00000
6.31579 0.13108 6.31579 3.00000
6.36364 0.11477 6.36364 3.00000
6.41148 0.09930 6.41148 3.00000
6.45933 0.08496 6.45933 3.00000
6.50718 0.07124 6.50718 3.00000
6.55502 0.05841 6.55502 3.00000
6.60287 0.04700 6.60287 3.00000
6.65072 0.03681 6.65072 3.00000
6.69856 0.02725 6.69856 3.00000
6.74641 0.01914 6.74641 3.00000
6.79426 0.01319 6.79426 3.00000
6.84211 0.00787 6.84211 3.00000
6.88995 0.00343 6.88995 3.00000
6.93780 0.00097 6.93780 3.00000
6.98565 0.00055 6.98565 3.00000
7.03349 0.00025 7.03349 3.00000
7.08134 0.00005 7.08134 3.00000
7.12919 0.00000 7.12919 3.00000
7.17703 0.00000 7.17703 3.00000
7.22488 0.00000 7.22488 3.00000
7.27273 0.00000 7.27273 3.00000
7.32057 0.00000 7.32057 3.00000
7.36842 0.00000 7.36842 3.00000
7.41627 0.00000 7.41627 3.00000
7.46411 0.00000 7.46411 3.00000
7.51196 0.00000 7.51196 3.00000
7.55981 0.00000 7.55981 3.00000
7.60766 0.00000 7.60766 3.00000
7.65550 0.00000 7.65550 3.00000
7.70335 0.00000 7.70335 3.00000
7.75120 0.00000 7.75120 3.00000
7.79904 0.00000 7.79904 3.00000
7.84689 0.00000 7.84689 3.00000
7.89474 0.00000 7.89474 3.00000
7.94258 0.00000 7.94258 3.00000
7.99043 0.00000 7.99043 3.00000
8.03828 0.00000 8.03828 3.00000
8.08612 0.00000 8.08612 3.00000
8.13397 0.00000 8.13397 3.00000
8.18182 0.00000 8.18182 3.00000
8.22967 0.00000 8.22967 3.00000
8.27751 0.00000 8.27751 3.00000
8.32536 0.00000 8.32536 3.00000
8.37321 0.00000 8.37321 3.00000
8.42105 0.00000 8.42105 3.00000
8.46890 0.00000 8.46890 3.00000
8.51675 0.00000 8.51675 3.00000
8.56459 0.00000 8.56459 3.00000
8.61244 0.00000 8.61244 3.00000
8.66029 0.00000 8.66029 3.00000
8.70813 0.00000 8.70813 3.00000
8.75598 0.00000 8.75598 3.00000
8.80383 0.00000 8.80383 3.00000
8.85167 0.00000 8.85167 3.00000
8.89952 0.00000 8.89952 3.00000
8.94737 0.00000 8.94737 3.00000
8.99522 0.00000 8.99522 3.00000
9.04306 0.00000 9.04306 3.00000
9.09091 0.00000 9.09091 3.00000
9.13876 0.00000 9.13876 3.00000
9.18660 0.00000 9.18660 3.00000
9.23445 0.00000 9.23445 3.00000
9.28230 0.00000 9.28230 3.00000
9.33014 0.00000 9.33014 3.00000
9.37799 0.00000 9.37799 3.00000
9.42584 0.00000 9.42584 3.00000
9.47368 0.00000 9.47368 3.00000
9.52153 0.00000 9.52153 3.00000
9.56938 0.00000 9.56938 3.00000
9.61722 0.00000 9.61722 3.00000
9.66507 0.00000 9.66507 3.00000
9.71292 0.00000 9.71292 3.00000
9.76077 0.00000 9.76077 3.00000
9.80861 0.00000 9.80861 3.00000
9.85646 0.00000 9.85646 3.00000
9.90431 0.00000 9.90431 3.00000
9.95215 0.00000 9.95215 3.00000
10.00000 0.00000 10.00000 3.00000
